$MeshFormat
2.2 0 8
$EndMeshFormat
$PhysicalNames
3
0 2 "left"
0 3 "right"
1 1 "line"
$EndPhysicalNames
$Nodes
9
1 0 0 0
2 8 0 0
3 0.9999999999981904 0 0
4 1.999999999995296 0 0
5 2.999999999992381 0 0
6 3.999999999989552 0 0
7 4.9999999999921 0 0
8 5.999999999994733 0 0
9 6.999999999997367 0 0
$EndNodes
$Elements
10
1 15 2 2 1 1
2 15 2 3 2 2
3 1 2 1 1 1 3
4 1 2 1 1 3 4
5 1 2 1 1 4 5
6 1 2 1 1 5 6
7 1 2 1 1 6 7
8 1 2 1 1 7 8
9 1 2 1 1 8 9
10 1 2 1 1 9 2
$EndElements
